7.857156842446173065e-19
8.842469605029761754e-19
1.191513083865039460e-18
1.511603745189456876e-18
1.905416542054262220e-18
2.181575672090500311e-18
2.994937423588687409e-18
3.563033422619127776e-18
4.510661630363952033e-18
5.319698263983438520e-18
7.278975345625866540e-18
8.160682395596263804e-18
9.682302434135042506e-18
1.312263905584322546e-17
1.624654929552220001e-17
1.903284056268492017e-17
2.438431763123142472e-17
2.869194242467243549e-17
3.741415732247139922e-17
4.372737023999298660e-17
5.431836945175800102e-17
6.799855661412486621e-17
8.335788880649210254e-17
1.065233593666702476e-16
1.225055617397536466e-16
1.462666344427926826e-16
1.932990605418367321e-16
2.337674338888484619e-16
2.903438826229906545e-16
3.365689153395189912e-16
4.166380958069988384e-16
5.192494206678336803e-16
6.568361125673889849e-16
7.549363241715540225e-16
9.759696607170556528e-16
1.145106255095319313e-15
1.365612176319169415e-15
1.705199815288093791e-15
2.025626477491709057e-15
2.412440440364813587e-15
3.007776038974090396e-15
3.735756288528199788e-15
4.337959504273253291e-15
5.547909827735914660e-15
6.574713250130900526e-15
8.067462576710494078e-15
9.405436557110713980e-15
1.194323947492936114e-14
1.439907027010874511e-14
1.769367645405380853e-14
2.006403453642054160e-14
2.469894103779205364e-14
2.769165822358654776e-14
3.582366313101743556e-14
4.185791639920084035e-14
5.011925945313537296e-14
6.284577144271842351e-14
7.345899243988614696e-14
9.084592320247544656e-14
1.079871939739059985e-13
1.320240716990310115e-13
1.507460318772972895e-13
1.822099617544476510e-13
2.166802691226432708e-13
2.629227406371444910e-13
3.138455474957849888e-13
3.732463658456421709e-13
4.437243975498510570e-13
5.536363322378740319e-13
6.407292732589311451e-13
7.373587017946484692e-13
8.837791893591120870e-13
1.096713764363020594e-12
1.292320884960584194e-12
1.520059922955843891e-12
1.885812266024598528e-12
2.127513930961873905e-12
2.546558732954342927e-12
2.847874488020048034e-12
3.550899821452257942e-12
4.444408310703594211e-12
4.897857378073927953e-12
5.838392609684587407e-12
6.995360361555344392e-12
7.928525532985485094e-12
9.786839774594438960e-12
1.171465321863728575e-11
1.363639481105955238e-11
1.603033497567781520e-11
1.822593495325163618e-11
2.136129038726707270e-11
2.552444781197388032e-11
3.073884327546198743e-11
3.555192650773431316e-11
4.262951477466925791e-11
4.873098807086705532e-11
5.615731333134832267e-11
6.704325989438388951e-11
7.699039395255160675e-11
8.853069197550580137e-11
1.078795407096910313e-10
1.294613199971037797e-10
1.454479051677837886e-10
1.755810073685986304e-10
1.954809824018669514e-10
2.418627557120209926e-10
2.714789693271055700e-10
3.354398185301263726e-10
3.723314082299748545e-10
4.345496875562447324e-10
5.262310193550078261e-10
5.814330350871325203e-10
6.748561438803684159e-10
8.349293931341256152e-10
9.617210546107324323e-10
1.078821428976581917e-09
1.242764793639972297e-09
1.407924954769652618e-09
1.736406743641962457e-09
1.991555755531979609e-09
2.265671485109825175e-09
2.630914414173984769e-09
3.067017775854653077e-09
3.490223402352734739e-09
4.082964866661782061e-09
4.524027042573588208e-09
5.301611303935100272e-09
6.200271966922948941e-09
7.137813739080780963e-09
8.208555047584634790e-09
9.653395015846198739e-09
1.048974487534149584e-08
1.200106647313158295e-08
1.402228165487781232e-08
1.645301184752759996e-08
1.884637734526345379e-08
2.123760084243634714e-08
2.452722166987529115e-08
2.927202802626562281e-08
3.069422281811551513e-08
3.755689434217449948e-08
4.165890779285099203e-08
4.834233297315944559e-08
5.385635454133206270e-08
6.159202912014182896e-08
7.296689367578914646e-08
8.151261741469077122e-08
9.111244386158987793e-08
1.042099835414402907e-07
1.205667499371546981e-07
1.380120604864026460e-07
1.587082364082237999e-07
1.736516318510945863e-07
2.057897706406177724e-07
2.374743155038578967e-07
2.674273698684430731e-07
2.964586388536354946e-07
3.388586378037983049e-07
3.886519740625073687e-07
4.252252880750064187e-07
4.689420339149330458e-07
5.299849656694325807e-07
5.834342116135791323e-07
6.337914016658063433e-07
7.011488558749444075e-07
7.684417123901282685e-07
8.279281409173600337e-07
9.109085024092787640e-07
1.010655564779776494e-06
1.057510797260916354e-06
1.149938667995144885e-06
1.270653999525303430e-06
1.398967166741226862e-06
1.514657692278691975e-06
1.563386840220524019e-06
1.665099152604471135e-06
1.797605703769162447e-06
1.954485438267461236e-06
2.011303423534113506e-06
2.208477268778426061e-06
2.369841279627640486e-06
2.618235789420500079e-06
3.056265143217004488e-06
3.406005414694866897e-06
3.719189309496772516e-06
4.177359099793876534e-06
4.655561292531589971e-06
5.210521914258262042e-06
5.886002669917989213e-06
6.628840557704941913e-06
7.213834901893738921e-06
8.249455907823961248e-06
9.308408014309477204e-06
1.013859804926140096e-05
1.128476431118096241e-05
1.262574627044505950e-05
1.424786078635676884e-05
1.577313890875871528e-05
1.730902648039647169e-05
1.928552667092672162e-05
2.095734768414543031e-05
2.396213856153517246e-05
2.647494316086326999e-05
2.875560172882974579e-05
3.206080795330286859e-05
3.514638992100080009e-05
3.816516482331526575e-05
4.122553069753490058e-05
4.663399209674881391e-05
5.093505521141609971e-05
5.618497830263643366e-05
5.986644387651016570e-05
6.699473416443713233e-05
7.469002048285300810e-05
8.071861897184164525e-05
9.048203440070060955e-05
9.604875415317222910e-05
1.056314418357458658e-04
1.134225164407192901e-04
1.271994503303750814e-04
1.349321308343783942e-04
1.475175435897522081e-04
1.635282230630652489e-04
1.788627275852036299e-04
1.991427787095742248e-04
2.105623526048312592e-04
2.289530368472041360e-04
2.457912872686509567e-04
2.719067328160059381e-04
2.885395045699930294e-04
3.220190903975131457e-04
3.412685506335343057e-04
3.763827795061346375e-04
4.068228416780969451e-04
4.414672143284509493e-04
4.777204952409812538e-04
5.100897839906616982e-04
5.588844960306524768e-04
6.025310440383414498e-04
6.506628823716467626e-04
6.925777280242279184e-04
7.469722888045208153e-04
8.082767240399665702e-04
8.584509604947799253e-04
9.287581480464198640e-04
9.932082464334875301e-04
1.040120582836356281e-03
1.121410357507452446e-03
1.196770714307010455e-03
1.278474452525405532e-03
1.367997538221651845e-03
1.450669613694384940e-03
1.571240078851840862e-03
1.705666143380735232e-03
1.793107539802792690e-03
1.887554257431972278e-03
2.035583849408046601e-03
2.177829054452830749e-03
2.325541189173190547e-03
2.403595481447228562e-03
2.622648715336396881e-03
2.721838270527500870e-03
2.844614389884754339e-03
2.950341186594319844e-03
3.124929657135486899e-03
3.276208114881313301e-03
3.425534585371435396e-03
3.593478617350562374e-03
3.774006798537361124e-03
3.901894333450442540e-03
4.015412965638288402e-03
4.286197951486744699e-03
4.395591197584258758e-03
4.623727470549728741e-03
4.838323683750725586e-03
4.929298143765523284e-03
5.269294922649153147e-03
5.431993056211648595e-03
5.610690018565605425e-03
5.773434000150811686e-03
6.013767537322781478e-03
6.472552455357652966e-03
6.873152411333956040e-03
7.166078451530686309e-03
7.777186026511871859e-03
8.249262904478641550e-03
8.758169450284543703e-03
9.267999571777669338e-03
9.794502054740259270e-03
1.056807029235900738e-02
1.093447049919020649e-02
1.186285426653090058e-02
1.257998027240011564e-02
1.336286989289261519e-02
1.426293905832532773e-02
1.499088866334767796e-02
1.598741030863565921e-02
1.688951378548266685e-02
1.753173201747386389e-02
1.897540962994672537e-02
1.959716325802346448e-02
2.056310557423962973e-02
2.156192219749107283e-02
2.251611648108956323e-02
2.360607585316145535e-02
2.429681307891993700e-02
2.565155166450496307e-02
2.699211158555925999e-02
2.794922467587460449e-02
2.978006195379345744e-02
3.070716332339384902e-02
3.125203306170343254e-02
3.287673706624989756e-02
3.417283501401999907e-02
3.553184977820492141e-02
3.735099566786810599e-02
3.888575315388715509e-02
3.988548983205454646e-02
4.190536846425104572e-02
4.369452492277196842e-02
4.521540650980827164e-02
4.726039311805766557e-02
4.895101750846755917e-02
5.217132767107367924e-02
5.457654334924309097e-02
5.625833425577338176e-02
6.028849127222098148e-02
6.123295668156174959e-02
6.513901945333769317e-02
6.814098446426432309e-02
7.053383875394989011e-02
7.435966616626779602e-02
7.690347911907913225e-02
8.032265919004970278e-02
8.312162446450943598e-02
8.640882240283964677e-02
9.015060848958135475e-02
9.327672312664671284e-02
9.799565037139092161e-02
1.015742129422698009e-01
1.045204493708349475e-01
1.054221896793806623e-01
1.101357473886820232e-01
1.128465418394771352e-01
1.131384206295570904e-01
1.171457582841443495e-01
1.201256482077812382e-01
1.232703642251536252e-01
1.266105213296739307e-01
1.273086660056829134e-01
1.307948723796406587e-01
1.359641217652982348e-01
1.384163505275441408e-01
1.434433179128893066e-01
1.476107320429967396e-01
1.511322976468196522e-01
1.530389444600816218e-01
1.560210663216491933e-01
1.595778897719798972e-01
1.646630041258180799e-01
1.674225880165251534e-01
1.764625006962644016e-01
1.807628704803021791e-01
1.875440686139782098e-01
1.939005461947727049e-01
1.974736203311752980e-01
2.040539634521558454e-01
2.120444722130604698e-01
2.211283079857902789e-01
2.267420379454554991e-01
2.371406046683805779e-01
2.429836214754954871e-01
2.448305347887036465e-01
2.548641545445490264e-01
2.634732677484436514e-01
2.715129482757979718e-01
2.775025325747847993e-01
2.966076637509610925e-01
3.012241975275158912e-01
2.970963893119039079e-01
3.067731908385056272e-01
3.160765881623919249e-01
3.290601229860412036e-01
3.311956690164956085e-01
3.370700992021327114e-01
3.402976668089997547e-01
3.524587254477360987e-01
3.574190718297666214e-01
3.641071793777373999e-01
3.697108895764918413e-01
3.792330633874368417e-01
3.754434002926768654e-01
3.824156824233011509e-01
3.904199465226129706e-01
4.012707397508792906e-01
4.045216865940382545e-01
4.092240786805290131e-01
4.177335151494939725e-01
4.225555124805136509e-01
4.315381611515964333e-01
4.383080218329102329e-01
4.447478278744638747e-01
4.626625918127240111e-01
4.568221114870327781e-01
4.668914727575400603e-01
4.753972960202464959e-01
4.774200184496018018e-01
4.780599149162145234e-01
4.953870124887837512e-01
4.947858523052722779e-01
5.062224974948490441e-01
5.106695884835350530e-01
5.187680352824480812e-01
5.252752946431541448e-01
5.296397750115732217e-01
5.303623943609538927e-01
5.339860198467982766e-01
5.448332700844469301e-01
5.638766975223317157e-01
5.578516433867132251e-01
5.727094923759399325e-01
5.673007250986259464e-01
5.849938122532866158e-01
5.855863307537693130e-01
5.902285904352581047e-01
6.058614230354770758e-01
6.078499348624792908e-01
6.131864904099451064e-01
6.188780014165349286e-01
6.215935390179235798e-01
6.236759618824687657e-01
6.272781817232450097e-01
6.450127767265838585e-01
6.529773699675908150e-01
6.501235291970729469e-01
6.509902746990861022e-01
6.646409669707824541e-01
6.621479637261472595e-01
6.560369378996325773e-01
6.626305642167749088e-01
6.786637572359576209e-01
6.805553869703878656e-01
6.849825585853156484e-01
6.914017358888119302e-01
6.856660415339581593e-01
6.903857165621233305e-01
7.012407167078275050e-01
6.959282852977868306e-01
7.034240623776715218e-01
7.099735857906637193e-01
7.171845453792886627e-01
7.085000459831573005e-01
7.170158158651486202e-01
7.221284099404252643e-01
7.310825188839574773e-01
7.186372366831809133e-01
7.379528600973623842e-01
7.217161199587722731e-01
7.315711352605622775e-01
7.463441086735211893e-01
7.374781414785805955e-01
7.438831508779838453e-01
7.428876254230826204e-01
7.453717695300129398e-01
7.469263783505334375e-01
7.439900582552134711e-01
7.366781335568588496e-01
7.502579251756344991e-01
7.517888915867743105e-01
7.450489781030040781e-01
7.498465629973853908e-01
7.558354007904901639e-01
7.593985299703419622e-01
7.538915875155948187e-01
7.572090822465221693e-01
7.565632995119189186e-01
7.561667602969031066e-01
7.594681839840148330e-01
7.630227414542475328e-01
7.617515048682155232e-01
7.567003314936253666e-01
7.633338258438100432e-01
7.732053086223684701e-01
7.633303318841367924e-01
7.668038532243520722e-01
7.667108003030128627e-01
7.637316178304923708e-01
7.660114058321865205e-01
7.685356463624889445e-01
7.698954115194643899e-01
7.685797483435720112e-01
7.768132524377696635e-01
7.827414853332119726e-01
7.689321308499968977e-01
7.773717290940468372e-01
7.818303321227058067e-01
7.787803635416907788e-01
7.851512007847576413e-01
7.725492612084132737e-01
7.776241529792666807e-01
