1.700562273757428482e-03
5.952375942105432713e-04
1.204075865728625080e-04
2.994357937420464978e-05
3.659247227697917826e-06
1.219940448741380557e-06
4.041107151187658080e-07
2.243372893308617053e-07
1.706565653122959401e-07
1.863574674942669444e-07
1.971501013303456926e-07
3.021368048794684236e-02
1.087036090944109787e-02
2.054820309847871923e-03
5.863062968988941217e-04
8.959189060092786106e-05
2.858809245010551179e-05
9.138277404274011784e-06
3.973077745687877334e-06
2.289566784966540681e-06
2.117486950021881764e-06
1.903005826654352637e-06
2.413406602911896126e-01
8.961873800108111077e-02
1.764120757242287202e-02
6.868152601437481179e-03
1.556489722153998152e-03
4.198939346350327381e-04
1.409549110391778196e-04
6.296870745697491696e-05
3.082590325884441952e-05
2.099911513138657840e-05
1.472299190257212159e-05
2.843885195904723773e+00
9.900007243131885293e-01
2.791863275428646540e-01
7.481000671055712536e-02
2.177007556649358105e-02
5.624035869588106702e-03
2.052910186825645904e-03
7.756252115190284766e-04
3.472218781001339344e-04
1.842470660061067079e-04
1.115155089035752510e-04
1.307415805236023765e+01
4.625002088212227136e+00
2.394358198336579147e+00
5.789134578939467701e-01
1.151269721996628637e-01
6.107359928284120804e-02
1.658712041582795921e-02
6.971111515425306056e-03
3.347195426397411161e-03
1.602279635568480947e-03
8.649280384869173716e-04
7.366534093401196515e+01
3.086705691248210925e+01
1.439397274928904835e+01
3.555957530404012967e+00
1.080660607797667705e+00
4.518213139683951995e-01
1.493674502049437969e-01
6.189329426228338399e-02
2.485006459387515548e-02
1.222274938700664872e-02
5.575796204137459591e-03
2.529776123518153383e+02
1.064841198283971409e+02
5.034791412897877905e+01
1.462165437772648069e+01
6.841608391518974486e+00
2.928146567572333048e+00
1.102976248454479169e+00
4.507033921339819171e-01
1.547195874168938445e-01
6.658044678555788409e-02
4.033986528208875072e-02
8.836567034687099067e+02
4.581609439300962663e+02
1.806073569036818753e+02
6.540298954404364906e+01
3.374616559907603630e+01
1.244041640885464695e+01
5.860346652874492968e+00
2.399868334142071014e+00
9.777556718202007335e-01
3.602060098443088387e-01
1.869217950406454887e-01
2.188965298090583929e+03
1.098352130060577110e+03
5.261174810963013897e+02
2.506749232543731125e+02
1.175748406131150148e+02
5.421229454919567559e+01
2.322266394438571169e+01
1.132184865248019534e+01
5.058914554356309878e+00
2.109498130844380093e+00
1.048798728061499208e+00
4.135961885799830270e+03
2.548815091498968286e+03
1.442879506710241913e+03
6.952528100127473181e+02
2.668566549989740224e+02
1.748168616613284030e+02
7.159742802338801937e+01
2.667619111580273739e+01
1.587212369752346852e+01
8.963710289644941653e+00
5.046671820900427541e+00
6.212569219474426973e+03
4.553172726979603794e+03
2.357685224779848340e+03
1.277410794903824353e+03
7.748941026418918909e+02
4.212495923994624718e+02
2.426240810847697560e+02
9.488727405879212995e+01
5.494451938809389446e+01
3.501083449687916982e+01
1.999628996835512496e+01
7.880485223585981657e+03
5.989619058792724900e+03
4.376930399329164175e+03
2.701007205012943359e+03
1.603328660288162837e+03
8.596249012548672681e+02
5.403189231807862143e+02
3.087464447135417913e+02
1.979321886811956972e+02
8.781568458792087029e+01
5.191686712338697873e+01
9.082896966292440993e+03
7.960907993650029312e+03
5.871248027137169629e+03
4.427106167655035279e+03
3.083496877297082847e+03
1.868510952083593338e+03
1.249660892502840170e+03
6.604259946735230642e+02
4.747726091972028257e+02
2.764480455502756513e+02
1.473231135672058372e+02
9.809284293622597033e+03
9.160727313920013330e+03
7.956796438480201687e+03
6.283643587185139040e+03
4.428760348832298405e+03
3.137445918693120802e+03
2.164551840175915913e+03
1.480715330676749318e+03
9.923171215891163683e+02
7.021476305238687701e+02
4.230013985046569474e+02
1.009541252494680884e+04
9.678496057167274557e+03
9.286474157128523075e+03
8.116616930612528449e+03
6.791688597432951610e+03
5.207991567551918706e+03
3.855245643493183707e+03
2.869892080067441384e+03
1.900145385024164625e+03
1.403079901553415311e+03
8.752254068161603300e+02
1.009282053627044661e+04
1.014347920353457448e+04
9.901286771425273400e+03
9.283106702831846633e+03
8.261558017318633574e+03
7.031346611460399799e+03
6.137666807414876530e+03
4.845671495613039951e+03
3.498955888576374946e+03
2.880667941589763359e+03
1.981483932394505246e+03
9.664623392190613231e+03
1.028624391693867983e+04
1.014292666746577561e+04
9.850199083337898628e+03
9.281536843891128228e+03
8.527331240505318419e+03
7.438556591206523080e+03
6.670595407227790929e+03
5.547842229626777225e+03
4.380400567972421413e+03
4.007075237683054183e+03
8.071734418837726480e+03
1.004817587544330308e+04
1.023105904305887452e+04
1.022503919727845641e+04
9.912880376776041885e+03
9.458015738658234113e+03
8.957223734305751350e+03
8.058914049392847119e+03
7.494267330556681372e+03
6.437672743153221745e+03
5.572494018438932471e+03
5.774805342695870422e+03
8.882105854532999729e+03
1.006029897891899236e+04
1.037475277736827047e+04
1.015502893224738727e+04
9.917373362688591442e+03
9.706135476774430572e+03
9.255787616658499246e+03
8.947855497935077437e+03
8.141128417896130486e+03
7.652820353712084398e+03
3.190858610202598356e+03
7.123330673280366682e+03
9.423325902697872152e+03
1.011199670141972820e+04
1.019130759452237908e+04
1.026123509630876470e+04
1.018447876065953096e+04
1.002091348612879483e+04
9.758253009843259861e+03
9.350682937798224884e+03
8.889242298275015855e+03
1.425248041287971773e+03
4.361764878680822221e+03
7.885413650312502796e+03
9.674694809258431633e+03
1.019867210641253587e+04
1.035980656147343143e+04
1.030635015621871935e+04
1.023911965490529838e+04
1.010507653764823590e+04
1.004760244593737661e+04
9.769803691003826316e+03
