5.461017822041852113e-24
1.842519048561610120e-24
3.498168255961346933e-25
8.679607220221858900e-26
7.827155797819676160e-27
2.750062498249566216e-27
1.056405279776891647e-27
9.308925623583974220e-28
1.728027211303224217e-27
5.154371297551907185e-27
1.715732522539485293e-26
2.458343640155690188e-22
8.622412551561022805e-23
1.528899112296469106e-23
4.273944183518179754e-24
4.914826376448424046e-25
1.688013137553814627e-25
6.622985913096582326e-26
3.843567756236559625e-26
3.849590325951834674e-26
8.363147634639796180e-26
1.493439180328180130e-25
4.137832622509401403e-21
1.466535877026709373e-21
2.880282416337396741e-22
1.138968935059280324e-22
2.103899022165802348e-23
5.327820339998143108e-24
2.004838931807564529e-24
1.005932952301642969e-24
8.795290036014326874e-25
1.006206574241601242e-24
1.170611115358892519e-24
8.452608465455048325e-20
2.838728488829220716e-20
7.530775948773238426e-21
2.048983987572112446e-21
5.110528388704682035e-22
1.361868408520666629e-22
4.698483819589091286e-23
2.080218932082968334e-23
1.209256983254800902e-23
9.391356725579709785e-24
6.987433761712467016e-24
5.475907222438431221e-19
1.867278845704752882e-19
9.531855119459522682e-20
2.214119850784381790e-20
3.957538788218322160e-21
1.945685381945223521e-21
5.486457739128384807e-22
2.488667806779255831e-22
1.295008565069642668e-22
7.380822642549142663e-23
4.875689527408190697e-23
3.647617186511432230e-18
1.466794491739409862e-18
6.363663611318418359e-19
1.565983485060447697e-19
4.413469935021021426e-20
1.724879720735139142e-20
5.603471990772867292e-21
2.254798956446665501e-21
9.230879716890055411e-22
4.659832237982463243e-22
2.427172285301728051e-22
1.241070317990550244e-17
4.931665483892640917e-18
2.203533119182236789e-18
6.029265766926916159e-19
2.654488483525671467e-19
1.071082763461358529e-19
3.740823091554405441e-20
1.441698600290993333e-20
4.805274832770897599e-21
1.949437214017317464e-21
1.103276090708407653e-21
3.459670998614002043e-17
1.722437983934387555e-17
6.367030990633726958e-18
2.179208644745422028e-18
1.052933557040923727e-18
3.629925189821019035e-19
1.570205049163639992e-19
5.631119427914016044e-20
2.190280250076020003e-20
7.216339199612834530e-21
3.409266942271006910e-21
6.192078592131933858e-17
2.924252947960599662e-17
1.294884361406274138e-17
5.735361970420970480e-18
2.570826027804347317e-18
1.064462901603026533e-18
4.047767245975210234e-19
1.774446819391404983e-19
7.080161837455713676e-20
2.579975488453447964e-20
1.026954940309799424e-20
7.168337786831742759e-17
4.105281821188989241e-17
2.123351273480159611e-17
9.495610921256389561e-18
3.347015063505463745e-18
1.997660035500536133e-18
7.366368526573260036e-19
2.445584887175299316e-19
1.233408224719754497e-19
5.720738913095680040e-20
2.628789970575186558e-20
6.011397232403521154e-17
4.042644561302291934e-17
1.871472789559081070e-17
9.346262992345892625e-18
5.207102795638016574e-18
2.485942178757947556e-18
1.278593076991248580e-18
4.316423814460146240e-19
2.041462022529960373e-19
1.106726038547800677e-19
5.029801544398593960e-20
3.922373129305375336e-17
2.673103570891950407e-17
1.720382728702839776e-17
9.494502709560396562e-18
5.111458876770051303e-18
2.341891096743297557e-18
1.315095427794573842e-18
6.201425306129238154e-19
3.388508275612244887e-19
1.221691987123080362e-19
5.597052732990255497e-20
2.023125140932432407e-17
1.614039776498481654e-17
1.038192534139870850e-17
7.043237227621162745e-18
4.147906198000016039e-18
2.233025214640357610e-18
1.250189287616419875e-18
5.525909159912644985e-19
3.250862477599911128e-19
1.514904968767476616e-19
6.199897866709329541e-20
9.564917543423539331e-18
7.686375064408540074e-18
5.910505578512736553e-18
3.975367379769377526e-18
2.430073134846603131e-18
1.420892722873838489e-18
8.259489567784916850e-19
4.597066187774149987e-19
2.503237868343654366e-19
1.417003342997766146e-19
6.280191463920170922e-20
3.968357032810863415e-18
3.342393208197337196e-18
2.628162943276661137e-18
1.974459410304118354e-18
1.357566583432055934e-18
8.575386260612941731e-19
5.134711862354075409e-19
3.020250637719883814e-19
1.583353620297313322e-19
8.900040260271207672e-20
3.995892501282872657e-20
1.449321246937924202e-18
1.219460137126419482e-18
9.846745215116196002e-19
7.617035202942757886e-19
5.549062816794423138e-19
3.738304755286051450e-19
2.583359167698346696e-19
1.533517176185898633e-19
8.259390285835580422e-20
4.895279427385304110e-20
2.386849703792112038e-20
4.532639872202548471e-19
3.945748825075916338e-19
3.196620887938211146e-19
2.456788835948001175e-19
1.854180351532092981e-19
1.295765366284012335e-19
8.399324298301308826e-20
5.572845658840484612e-20
3.332525060246023620e-20
1.826085116203902707e-20
1.105376272483903575e-20
1.090633566477792579e-19
1.074639531381311401e-19
8.718510942185407683e-20
6.625610989586787304e-20
4.894403921293951888e-20
3.498871470920308028e-20
2.375071162846175343e-20
1.499241900411136041e-20
9.220901752102542689e-21
5.289429850409214073e-21
2.810321939665684442e-21
1.842761428821232812e-20
2.240965798085567085e-20
1.900691320534587757e-20
1.430749854003028976e-20
1.037077109904000566e-20
7.073169167818009467e-21
4.695763418275062554e-21
2.949160341149788405e-21
1.826214822752100928e-21
1.029409380363747521e-21
5.783388699990419183e-22
1.927354477770185225e-21
3.109532114888006768e-21
3.028407731061830143e-21
2.292944159830093883e-21
1.597937768895435076e-21
1.057893339832934549e-21
6.856020466483755453e-22
4.167974967869929109e-22
2.460583796140323709e-22
1.369391502164122528e-22
7.341456999640441759e-23
1.204486179818145347e-22
2.575895180384329673e-22
3.235070626155563960e-22
2.606664499490103114e-22
1.839782478301943955e-22
1.140289969519880873e-22
6.878797148571842020e-23
4.011539923701971634e-23
2.273285167015918043e-23
1.222845756679386694e-23
6.465616222961312166e-24
