12451 	0.584 	0.583	46	3	14.79	0.33	0.22	0.03
#13062 	0.467 	0.467	55	2				   
#13390 	0.618 				15.03	0.44	0.27	0.03
16566 	0.382 	0.383	120	3	14.61	0.29	0.20	0.02
18127 	0.491 	0.489	39	2	14.88	1.84	0.62	0.03
24865 	0.486 	0.487	91	3	14.91	0.27	0.19	0.03
24872 	0.402 	0.407	116	4	14.76	0.35	0.23	0.02
24877 	0.592 	0.593	71	4	15.28	0.24	0.18	0.03
24981 	0.411 	0.407	107	3	14.68	0.34	0.23	0.02
25424 	0.509 	0.510	69	3	14.51	0.35	0.23	0.02
25953 	0.478 	0.478	88	3	14.70	0.29	0.20	0.03
27940 	0.449 	0.463	89	3	14.82	0.31	0.21	0.03
27974 	0.475 	0.469	75	3	14.74	0.26	0.19	0.03
29283 	0.549 	0.552	107	3	15.02	0.30	0.21	0.03
29284 	0.550 	0.541	68	3	14.50	0.61	0.31	0.03
#29811 	0.488 				15.21	0.18	0.14	0.03
35361 	0.414 	0.411	98	3	14.76	0.23	0.18	0.03
35399 	0.516 	0.517	81	3	14.87	0.26	0.19	0.03
35646 	0.427 	0.408	99	3	15.14	2.14	0.36	0.02
36818 	0.581 	0.559	64	3	15.04	0.24	0.18	0.03
#37098 	0.544 	0.543	75	4				   
41843 	0.434 	0.436	75	3	14.52	0.48	0.28	0.02
41911 	0.386 	0.413	81	3	14.84	0.25	0.19	0.03
43403 	0.422 	0.423	94	3	14.94	0.23	0.17	0.03
46649 	0.619 	0.587	128	5	15.13	0.23	0.18	0.03
47981 	0.543 	0.540	69	3	14.83	0.53	0.30	0.02
50492 	0.527 	0.525	105	3	15.24	0.22	0.17	0.03
50514 	0.466 	0.475	73	3	14.50	0.53	0.29	0.03
52480 	0.565 	0.542	83	3	15.09	0.29	0.21	0.02
#53436 	0.540 							   
#53495 	0.462 							   
54795 	0.428 	0.435	73	3	14.57	0.46	0.27	0.03
55181 	0.547 	0.532	97	4	14.67	0.38	0.24	0.03
#56934 	0.459 				15.01	0.28	0.20	0.02
59915 	0.475 	0.472	98	3	15.17	0.18	0.15	0.03
64232 	0.529 	0.553	66	3	14.53	0.72	0.34	0.02
24925   0.292   0.288   85      3       14.86   0.21    0.16    0.03
27955   0.303   0.246   79      4       14.21   1.21    1.21    0.02    
