12451 	0.584	0.566	103	35  	14.79	0.33	0.22	0.03
#13062 	0.467	0.463	95	15  				   
13390 	0.618	0.623	153	69  	15.03	0.44	0.27	0.03
16566 	0.382	0.368	108	7   	14.61	0.29	0.20	0.02
18127 	0.491	0.507	88	24  	14.88	1.84	0.62	0.03
24865 	0.486	0.477	138	23  	14.91	0.27	0.19	0.03
24872 	0.402	0.391	149	10  	14.76	0.35	0.23	0.02
24877 	0.592	0.539	63	59  	15.28	0.24	0.18	0.03
24981 	0.411	0.411	123	12  	14.68	0.34	0.23	0.02
25424 	0.509	0.513	65	17  	14.51	0.35	0.23	0.02
25953 	0.478	0.484	131	19  	14.70	0.29	0.20	0.03
27940 	0.449	0.46	116	24  	14.82	0.31	0.21	0.03
27974 	0.475	0.491	100	25  	14.74	0.26	0.19	0.03
29283 	0.549	0.536	129	30  	15.02	0.30	0.21	0.03
29284 	0.550	0.557	122	33  	14.50	0.61	0.31	0.03
29811 	0.488	0.495	194	31  	15.21	0.18	0.14	0.03
35361 	0.414	0.411	103	9   	14.76	0.23	0.18	0.03
35399 	0.516	0.534	153	31  	14.87	0.26	0.19	0.03
35646 	0.427	0.427	108	10  	15.14	2.14	0.36	0.02
36818 	0.581	0.578	80	64  	15.04	0.24	0.18	0.03
#37098 	0.544	0.573	104	35  				   
41843 	0.434	0.435	119	13  	14.52	0.48	0.28	0.02
41911 	0.386	0.372	104	7   	14.84	0.25	0.19	0.03
43403 	0.422	0.418	130	10  	14.94	0.23	0.17	0.03
46649 	0.619	0.536	85	31  	15.13	0.23	0.18	0.03
47981 	0.543	0.551	136	33  	14.83	0.53	0.30	0.02
50492 	0.527	0.524	163	30  	15.24	0.22	0.17	0.03
50514 	0.466	0.463	82	13  	14.50	0.53	0.29	0.03
52480 	0.565	0.546	106	54  	15.09	0.29	0.21	0.02
#53436 	0.540	0.527	96	32  				   
#53495 	0.462	0.444	90	23  				   
54795 	0.428	0.429	125	35  	14.57	0.46	0.27	0.03
55181 	0.547	0.542	149	43  	14.67	0.38	0.24	0.03
56934 	0.459	0.476	90	19  	15.01	0.28	0.20	0.02
59915 	0.475	0.489	143	25  	15.17	0.18	0.15	0.03
64232 	0.529	0.529	112	37  	14.53	0.72	0.34	0.02
24925   0.292   0.304   97      4       14.86   0.21    0.16    0.03 
27955   0.303   0.310   97      4       14.21   1.21    1.21    0.02 
